 &FCI NORB=  11,NELEC=10,MS2=0,
  ORBSYM=1,1,1,1,1,1,1,1,1,1,1,
  ISYM=1,
 &END
 5.355914602008878    1    1    1    1
 -0.5271543149027547    1    1    2    1
 1.249794589884282    1    1    2    2
 -0.1068053762962787    1    1    3    1
 0.09836785714116077    1    1    3    2
 1.017163426970273    1    1    3    3
 1.228669114292188    1    1    4    4
 1.228669114292189    1    1    5    5
 0.1113514155726435    1    1    6    1
 -0.1805265787113914    1    1    6    2
 0.3070835598408171    1    1    6    3
 0.5548639269087147    1    1    6    6
 0.05216010248523305    1    1    7    1
 -0.07742806725388392    1    1    7    2
 0.2063068914046307    1    1    7    3
 0.2235561938188711    1    1    7    6
 0.5437478334328653    1    1    7    7
 0.2882967152779218    1    1    8    4
 -0.5126070049978253    1    1    8    5
 1.108945486055482    1    1    8    8
 -0.5126070049978251    1    1    9    4
 -0.2882967152779219    1    1    9    5
 1.108945486055483    1    1    9    9
 0.2593505670303674    1    1   10    1
 -0.2383895193746084    1    1   10    2
 -0.4491789349426277    1    1   10    3
 -0.1691389396142644    1    1   10    6
 -0.196543549778893    1    1   10    7
 1.063612766965647    1    1   10   10
 0.4027529597768597    1    1   11    1
 -0.422126735009379    1    1   11    2
 0.1237164824526395    1    1   11    3
 0.2703203593980464    1    1   11    6
 0.1612980396446484    1    1   11    7
 -0.02091010556340339    1    1   11   10
 1.012383875358287    1    1   11   11
 -0.5271543149027546    2    1    1    1
 0.08433675432047325    2    1    2    1
 -0.02197691087562169    2    1    2    2
 0.01479532335977643    2    1    3    1
 -0.006390592541124106    2    1    3    2
 -0.01182829473627253    2    1    3    3
 -0.01557050473733685    2    1    4    4
 -0.01557050473733687    2    1    5    5
 -0.01944111175884593    2    1    6    1
 0.003950284263944023    2    1    6    2
 -0.005322590151659716    2    1    6    3
 -0.004092084398809597    2    1    6    6
 -0.009760747448324329    2    1    7    1
 0.001813046674575333    2    1    7    2
 -0.005856326645832099    2    1    7    3
 -0.003707218191319916    2    1    7    6
 -0.00284908409734695    2    1    7    7
 -0.008939676056051895    2    1    8    4
 0.01589522296265465    2    1    8    5
 -0.02161837208419177    2    1    8    8
 0.01589522296265464    2    1    9    4
 0.008939676056051896    2    1    9    5
 -0.02161837208419178    2    1    9    9
 -0.03893467342884012    2    1   10    1
 0.01168722624992441    2    1   10    2
 0.01555111616871836    2    1   10    3
 0.005072496482668206    2    1   10    6
 0.0063280708056196    2    1   10    7
 -0.02282845558255654    2    1   10   10
 -0.06660385124698738    2    1   11    1
 0.01731739690780967    2    1   11    2
 -0.002894240799103076    2    1   11    3
 -0.007425310845387545    2    1   11    6
 -0.005413773076472144    2    1   11    7
 -0.0006763290238427851    2    1   11   10
 -0.01780238137779926    2    1   11   11
 1.249794589884282    2    2    1    1
 -0.0219769108756217    2    2    2    1
 0.8757067526203229    2    2    2    2
 -0.01014071911997657    2    2    3    1
 0.01516504507045237    2    2    3    2
 0.7497007594574596    2    2    3    3
 0.8517877358866079    2    2    4    4
 0.8517877358866084    2    2    5    5
 0.001028062869783733    2    2    6    1
 -0.1018889976698662    2    2    6    2
 0.1645227891428223    2    2    6    3
 0.463699712263225    2    2    6    6
 -0.0009652779739592288    2    2    7    1
 -0.03458945606615273    2    2    7    2
 0.07071213818615599    2    2    7    3
 0.1442444754273561    2    2    7    6
 0.4948626134520253    2    2    7    7
 0.1114619316486447    2    2    8    4
 -0.1981852859426583    2    2    8    5
 0.7113693615539511    2    2    8    8
 -0.1981852859426581    2    2    9    4
 -0.1114619316486447    2    2    9    5
 0.7113693615539514    2    2    9    9
 0.01655495709847953    2    2   10    1
 -0.08458116200878275    2    2   10    2
 -0.1716229104762978    2    2   10    3
 -0.06192364237041642    2    2   10    6
 -0.07518498157642813    2    2   10    7
 0.6806032281944115    2    2   10   10
 0.01228255916516103    2    2   11    1
 -0.1521592157413937    2    2   11    2
 0.03691961527189241    2    2   11    3
 0.1291848033064002    2    2   11    6
 0.05700864608572931    2    2   11    7
 -0.001967117249078489    2    2   11   10
 0.7135377597806525    2    2   11   11
 -0.1068053762962788    3    1    1    1
 0.01479532335977643    3    1    2    1
 -0.01014071911997656    3    1    2    2
 0.02888311353039477    3    1    3    1
 0.02684931229633464    3    1    3    2
 0.005343724846811053    3    1    3    3
 -0.002904013809458972    3    1    4    4
 -0.002904013809458976    3    1    5    5
 0.01187530515141972    3    1    6    1
 0.01603684093290201    3    1    6    2
 -5.894849481164486e-05    3    1    6    3
 -0.008565298571131358    3    1    6    6
 0.01305968393521003    3    1    7    1
 0.01076127142588157    3    1    7    2
 0.003373733144462905    3    1    7    3
 -0.004540828970097643    3    1    7    6
 -0.008385531014996922    3    1    7    7
 -0.001711819968585593    3    1    8    4
 0.003043707613339331    3    1    8    5
 -0.0041379182334422    3    1    8    8
 0.00304370761333933    3    1    9    4
 0.001711819968585593    3    1    9    5
 -0.004137918233442201    3    1    9    9
 -0.03950155674017669    3    1   10    1
 -0.01301757111744829    3    1   10    2
 -0.007508947911223514    3    1   10    3
 0.0005891440928501194    3    1   10    6
 -0.002656159985716256    3    1   10    7
 0.01807844028624281    3    1   10   10
 0.006071261908099605    3    1   11    1
 0.0135299361333492    3    1   11    2
 -0.01179166557646695    3    1   11    3
 -0.01194132176758317    3    1   11    6
 -0.00926936147554094    3    1   11    7
 0.009658988398486012    3    1   11   10
 -0.023774803241125    3    1   11   11
 0.09836785714116082    3    2    1    1
 -0.006390592541124103    3    2    2    1
 0.01516504507045234    3    2    2    2
 0.02684931229633464    3    2    3    1
 0.1468289831456918    3    2    3    2
 0.03515968219846288    3    2    3    3
 0.049783223577502    3    2    4    4
 0.04978322357750203    3    2    5    5
 0.0174931855446006    3    2    6    1
 0.04759115217799402    3    2    6    2
 0.04761475583893648    3    2    6    3
 -0.05161107109217289    3    2    6    6
 0.01552371176250114    3    2    7    1
 0.01738021802049725    3    2    7    2
 0.0673659927096727    3    2    7    3
 -0.0202732793935614    3    2    7    6
 -0.1001565586373289    3    2    7    7
 0.01251017917194649    3    2    8    4
 -0.02224376878916445    3    2    8    5
 0.03602886765977566    3    2    8    8
 -0.02224376878916444    3    2    9    4
 -0.0125101791719465    3    2    9    5
 0.03602886765977568    3    2    9    9
 -0.02841913609632087    3    2   10    1
 -0.04208772937292375    3    2   10    2
 -0.02711155478430892    3    2   10    3
 0.006801808185793158    3    2   10    6
 -0.02596431771786952    3    2   10    7
 0.1326060819312372    3    2   10   10
 0.02120875036231528    3    2   11    1
 -0.001115321914680111    3    2   11    2
 -0.01550211556052749    3    2   11    3
 -0.00965307058102015    3    2   11    6
 -0.01057890130220322    3    2   11    7
 0.03854399547036782    3    2   11   10
 -0.05834354505392734    3    2   11   11
 1.017163426970273    3    3    1    1
 -0.01182829473627257    3    3    2    1
 0.7497007594574598    3    3    2    2
 0.005343724846811045    3    3    3    1
 0.03515968219846286    3    3    3    2
 0.731653036892233    3    3    3    3
 0.7131186510107558    3    3    4    4
 0.7131186510107562    3    3    5    5
 0.00676173349468603    3    3    6    1
 -0.04538895450427743    3    3    6    2
 0.1207063578585599    3    3    6    3
 0.4666119765250889    3    3    6    6
 0.00545031926524685    3    3    7    1
 0.01192421359334344    3    3    7    2
 0.02540621733984617    3    3    7    3
 0.1456579058468584    3    3    7    6
 0.5438469466421264    3    3    7    7
 0.0815694101400604    3    3    8    4
 -0.1450347812358086    3    3    8    5
 0.6139576076499982    3    3    8    8
 -0.1450347812358085    3    3    9    4
 -0.08156941014006037    3    3    9    5
 0.6139576076499983    3    3    9    9
 -0.003504788566936965    3    3   10    1
 -0.07676892373538791    3    3   10    2
 -0.1526619689589361    3    3   10    3
 -0.05034901870692097    3    3   10    6
 -0.05755076775217108    3    3   10    7
 0.6563311226293977    3    3   10   10
 0.0127819425147179    3    3   11    1
 -0.1060421145954883    3    3   11    2
 0.02209892464705172    3    3   11    3
 0.08161429820225334    3    3   11    6
 0.0299165122327992    3    3   11    7
 -0.006226539008289225    3    3   11   10
 0.6178925550392682    3    3   11   11
 0.038887401662053    4    1    4    1
 0.039811857435555    4    1    4    2
 0.00771546244708606    4    1    4    3
 -0.006880705047021293    4    1    6    4 -0.00450307446897854    4    1    7    4
 0.02264824193576299    4    1    8    1
 0.01161562008787572    4    1    8    2
 0.002703474170774006    4    1    8    3
 -0.003394051415503667    4    1    8    6
 -0.0009326971851175088    4    1    8    7
 -0.04026978752069985    4    1    9    1
 -0.02065319481249923    4    1    9    2
 -0.004806921911800115    4    1    9    3
 0.006034805249975735    4    1    9    6
 0.001658385563540283    4    1    9    7
 -0.01253274850212623    4    1   10    4
 -0.007881955121632171    4    1   10    8
 0.01401453847482164    4    1   10    9
 -0.01692768632435558    4    1   11    4
 -0.01234188824382224    4    1   11    8
 0.02194453850292647    4    1   11    9
 0.039811857435555    4    2    4    1
 0.1690390912923419    4    2    4    2
 0.02630106124315665    4    2    4    3
 -0.02237275140313284    4    2    6    4
 -0.02177187530119807    4    2    7    4
 0.02107835420162586    4    2    8    1
 0.02348976445264455    4    2    8    2
 0.007262496957801852    4    2    8    3
 -0.0146411325506966    4    2    8    6
 0.0008497443599052315    4    2    8    7
 -0.03747844302409992    4    2    9    1
 -0.04176605963951686    4    2    9    2
 -0.01291310867262497    4    2    9    3
 0.02603271806046661    4    2    9    6
 -0.001510890996190877    4    2    9    7
 -0.02120288159259146    4    2   10    4
 -0.02949738166880478    4    2   10    8
 0.052447924902465    4    2   10    9
 -0.01630302951273516    4    2   11    4
 -0.05048805049026851    4    2   11    8
 0.08977045862297242    4    2   11    9
 0.007715462447086061    4    3    4    1
 0.02630106124315666    4    3    4    2
 0.03890468338751601    4    3    4    3
 0.01214155381460922    4    3    6    4
 0.008737640549337072    4    3    7    4
 0.004104427930705029    4    3    8    1
 0.005018421170523907    4    3    8    2
 0.004724800917549535    4    3    8    3
 0.002042387387930598    4    3    8    6
 0.003234204908174769    4    3    8    7
 -0.00729789275177791    4    3    9    1
 -0.008923021698530409    4    3    9    2
 -0.008400949158304619    4    3    9    3
 -0.003631474194782861    4    3    9    6
 -0.005750589596314063    4    3    9    7
 -0.01262745382762388    4    3   10    4
 -0.01644500574060173    4    3   10    8
 0.02924010123297948    4    3   10    9
 -0.002188405549940203    4    3   11    4
 -0.00147187405930651    4    3   11    8
 0.002617070931757784    4    3   11    9
 1.228669114292188    4    4    1    1
 -0.01557050473733683    4    4    2    1
 0.8517877358866079    4    4    2    2
 -0.002904013809458961    4    4    3    1
 0.04978322357750201    4    4    3    2
 0.7131186510107559    4    4    3    3
 0.9019865128995507    4    4    4    4
 0.8123981031997143    4    4    5    5
 0.002895728375641065    4    4    6    1
 -0.08921651263321426    4    4    6    2
 0.1614558005613604    4    4    6    3
 0.4347655007706605    4    4    6    6
 0.001354161805165238    4    4    7    1
 -0.0364728007333581    4    4    7    2
 0.08463792312404413    4    4    7    3
 0.1269972186813523    4    4    7    6
 0.4472704219317059    4    4    7    7
 0.120002491099173    4    4    8    4
 -0.1898561393900696    4    4    8    5
 0.7046668720303633    4    4    8    8
 -0.2133708581983836    4    4    9    4
 -0.1067775134320228    4    4    9    5
 -0.02679075648343893    4    4    9    8
 0.7372348093236117    4    4    9    9
 0.006729920649018667    4    4   10    1
 -0.09110735261234276    4    4   10    2
 -0.1652951425685891    4    4   10    3
 -0.05541456052504972    4    4   10    6
 -0.07691223674207445    4    4   10    7
 0.6849385295023793    4    4   10   10
 0.01075754475107681    4    4   11    1
 -0.1436260627928257    4    4   11    2
 0.03046715783536686    4    4   11    3
 0.1227904894649492    4    4   11    6
 0.04977124167575584    4    4   11    7
 0.01221982525668737    4    4   11   10
 0.6868139964198512    4    4   11   11
 0.03888740166205303    5    1    5    1
 0.03981185743555504    5    1    5    2
 0.007715462447086069    5    1    5    3
 -0.006880705047021297    5    1    6    5
 -0.004503074468978545    5    1    7    5
 -0.04026978752069986    5    1    8    1
 -0.02065319481249924    5    1    8    2
 -0.004806921911800115    5    1    8    3
 0.006034805249975735    5    1    8    6
 0.001658385563540284    5    1    8    7
 -0.02264824193576299    5    1    9    1
 -0.01161562008787572    5    1    9    2
 -0.002703474170774005    5    1    9    3
 0.003394051415503666    5    1    9    6
 0.0009326971851175097    5    1    9    7
 -0.01253274850212625    5    1   10    5
 0.01401453847482165    5    1   10    8
 0.007881955121632174    5    1   10    9
 -0.01692768632435561    5    1   11    5
 0.02194453850292649    5    1   11    8
 0.01234188824382225    5    1   11    9
 0.03981185743555504    5    2    5    1
 0.169039091292342    5    2    5    2
 0.02630106124315668    5    2    5    3
 -0.02237275140313286    5    2    6    5
 -0.02177187530119807    5    2    7    5
 -0.03747844302409994    5    2    8    1
 -0.04176605963951682    5    2    8    2
 -0.01291310867262496    5    2    8    3
 0.02603271806046659    5    2    8    6
 -0.001510890996190872    5    2    8    7
 -0.02107835420162587    5    2    9    1
 -0.02348976445264455    5    2    9    2
 -0.007262496957801855    5    2    9    3
 0.0146411325506966    5    2    9    6
 -0.0008497443599052268    5    2    9    7
 -0.02120288159259147    5    2   10    5
 0.05244792490246493    5    2   10    8
 0.02949738166880479    5    2   10    9
 -0.01630302951273516    5    2   11    5
 0.0897704586229723    5    2   11    8
 0.05048805049026853    5    2   11    9
 0.007715462447086068    5    3    5    1
 0.02630106124315667    5    3    5    2
 0.03890468338751602    5    3    5    3
 0.01214155381460923    5    3    6    5
 0.008737640549337077    5    3    7    5
 -0.007297892751777911    5    3    8    1
 -0.008923021698530403    5    3    8    2
 -0.008400949158304614    5    3    8    3
 -0.003631474194782861    5    3    8    6
 -0.005750589596314058    5    3    8    7
 -0.004104427930705029    5    3    9    1
 -0.005018421170523906    5    3    9    2
 -0.004724800917549536    5    3    9    3
 -0.002042387387930602    5    3    9    6
 -0.003234204908174768    5    3    9    7
 -0.0126274538276239    5    3   10    5
 0.02924010123297948    5    3   10    8
 0.01644500574060174    5    3   10    9
 -0.002188405549940194    5    3   11    5
 0.002617070931757782    5    3   11    8
 0.001471874059306505    5    3   11    9
 0.04479420484991845    5    4    5    4
 -0.0117573594041571    5    4    8    4
 0.006612488833575105    5    4    8    5
 -0.02679075648343894    5    4    8    8
 -0.006612488833575061    5    4    9    4
 -0.0117573594041571    5    4    9    5
 0.01628396864662425    5    4    9    8
 0.02679075648343903    5    4    9    9
 1.228669114292189    5    5    1    1
 -0.01557050473733691    5    5    2    1
 0.8517877358866085    5    5    2    2
 -0.002904013809458974    5    5    3    1
 0.04978322357750207    5    5    3    2
 0.7131186510107562    5    5    3    3
 0.8123981031997145    5    5    4    4
 0.9019865128995518    5    5    5    5
 0.002895728375641056    5    5    6    1
 -0.08921651263321437    5    5    6    2
 0.1614558005613605    5    5    6    3
 0.4347655007706608    5    5    6    6
 0.001354161805165272    5    5    7    1
 -0.03647280073335804    5    5    7    2
 0.08463792312404424    5    5    7    3
 0.1269972186813522    5    5    7    6
 0.4472704219317062    5    5    7    7
 0.106777513432023    5    5    8    4
 -0.2133708581983839    5    5    8    5
 0.7372348093236122    5    5    8    8
 -0.1898561393900695    5    5    9    4
 -0.1200024910991731    5    5    9    5
 0.02679075648343896    5    5    9    8
 0.7046668720303642    5    5    9    9
 0.006729920649018746    5    5   10    1
 -0.09110735261234279    5    5   10    2
 -0.1652951425685892    5    5   10    3
 -0.05541456052504983    5    5   10    6
 -0.07691223674207459    5    5   10    7
 0.6849385295023798    5    5   10   10
 0.01075754475107705    5    5   11    1
 -0.1436260627928257    5    5   11    2
 0.03046715783536698    5    5   11    3
 0.1227904894649494    5    5   11    6
 0.04977124167575597    5    5   11    7
 0.01221982525668661    5    5   11   10
 0.6868139964198503    5    5   11   11
 0.1113514155726435    6    1    1    1
 -0.01944111175884593    6    1    2    1
 0.001028062869783731    6    1    2    2
 0.01187530515141972    6    1    3    1
 0.01749318554460059    6    1    3    2
 0.006761733494686036    6    1    3    3
 0.002895728375641067    6    1    4    4
 0.002895728375641071    6    1    5    5
 0.01337442671401639    6    1    6    1
 0.008024437913941501    6    1    6    2
 0.001558432744061508    6    1    6    3
 -0.003608089296810405    6    1    6    6
 0.01084336475277021    6    1    7    1
 0.005681815445330291    6    1    7    2
 0.003722835620263864    6    1    7    3
 -0.001470887341158379    6    1    7    6
 -0.003870412102233176    6    1    7    7
 0.001757793399147819    6    1    8    4
 -0.003125450835863598    6    1    8    5
 0.00419849732083109    6    1    8    8
 -0.003125450835863597    6    1    9    4
 -0.00175779339914782    6    1    9    5
 0.004198497320831092    6    1    9    9
 -0.01003278207391281    6    1   10    1
 -0.01127031720596142    6    1   10    2
 -0.009271323753805703    6    1   10    3
 -0.001257910654139737    6    1   10    6
 -0.003510351645479281    6    1   10    7
 0.01758827640111305    6    1   10   10
 0.02567955201385453    6    1   11    1
 0.002305627844096957    6    1   11    2
 -0.005926030214355944    6    1   11    3
 -0.00461311638017345    6    1   11    6
 -0.003652265494702993    6    1   11    7
 0.005810367365964777    6    1   11   10
 -0.008163338858754997    6    1   11   11
 -0.1805265787113916    6    2    1    1
 0.003950284263944016    6    2    2    1
 -0.1018889976698663    6    2    2    2
 0.01603684093290201    6    2    3    1
 0.04759115217799401    6    2    3    2
 -0.04538895450427738    6    2    3    3
 -0.08921651263321424    6    2    4    4
 -0.08921651263321428    6    2    5    5
 0.008024437913941505    6    2    6    1
 0.05027383161329379    6    2    6    2
 -0.03281156047107851    6    2    6    3
 -0.02571777652227306    6    2    6    6
 0.00778584860717906    6    2    7    1
 0.02982469614929916    6    2    7    2
 -0.01745852996223855    6    2    7    3
 -0.01794870899839178    6    2    7    6
 -0.01524589881291206    6    2    7    7
 -0.02280017428532126    6    2    8    4
 0.04053993137785156    6    2    8    5
 -0.06493352672160278    6    2    8    8
 0.04053993137785155    6    2    9    4
 0.02280017428532126    6    2    9    5
 -0.06493352672160281    6    2    9    9
 -0.01895877737426143    6    2   10    1
 -0.0015148476570129    6    2   10    2
 0.02399317223572513    6    2   10    3
 0.01631539971439475    6    2   10    6
 0.01268668047276902    6    2   10    7
 -0.01829449349002089    6    2   10   10
 0.006321323627736938    6    2   11    1
 0.0441717606897051    6    2   11    2
 -0.02156166444560252    6    2   11    3
 -0.04076798080261103    6    2   11    6
 -0.02744784317375041    6    2   11    7
 0.01388931251222413    6    2   11   10
 -0.09190528591637087    6    2   11   11
 0.3070835598408171    6    3    1    1
 -0.005322590151659726    6    3    2    1
 0.1645227891428223    6    3    2    2
 -5.894849481164526e-05    6    3    3    1
 0.04761475583893649    6    3    3    2
 0.1207063578585599    6    3    3    3
 0.1614558005613604    6    3    4    4
 0.1614558005613606    6    3    5    5
 0.001558432744061504    6    3    6    1
 -0.03281156047107851    6    3    6    2
 0.1042283062733898    6    3    6    3
 -0.01281860228265239    6    3    6    6
 0.001045040594903424    6    3    7    1
 -0.02438538186032278    6    3    7    2
 0.08248964452597908    6    3    7    3
 0.01648452543594936    6    3    7    6
 -0.05743908531285213    6    3    7    7
 0.03598343529528984    6    3    8    4
 -0.06398047573476509    6    3    8    5
 0.1228952606938838    6    3    8    8
 -0.06398047573476506    6    3    9    4
 -0.03598343529528984    6    3    9    5
 0.1228952606938838    6    3    9    9
 0.001406544673596058    6    3   10    1
 -0.02352602688050719    6    3   10    2
 -0.05230919827317376    6    3   10    3
 -0.01627434908402129    6    3   10    6
 -0.04297808093238102    6    3   10    7
 0.1615614637215527    6    3   10   10
 0.004041170727627209    6    3   11    1
 -0.05739530143956336    6    3   11    2
 0.01512463490331398    6    3   11    3
 0.05934865152366137    6    3   11    6
 0.03353910762497083    6    3   11    7
 0.005090249728058039    6    3   11   10
 0.09098146921877624    6    3   11   11
 -0.006880705047021292    6    4    4    1
 -0.02237275140313284    6    4    4    2
 0.01214155381460922    6    4    4    3
 0.01365545122782957    6    4    6    4
 0.008653534318815891    6    4    7    4
 -0.003680066068375484    6    4    8    1
 -0.006586249247252996    6    4    8    2
 0.001990516518259786    6    4    8    3
 0.002883086157947377    6    4    8    6
 0.002862589048782262    6    4    8    7
 0.006543354625756097    6    4    9    1
 0.01171070401391455    6    4    9    2
 -0.003539245009573605    6    4    9    3
 -0.005126281647542831    6    4    9    6
 -0.00508983668933332    6    4    9    7
 0.0007601262505596793    6    4   10    4
 -0.002399051654821184    6    4   10    8
 0.004265642369277256    6    4   10    9
 0.01171873644843114    6    4   11    4
 0.007276675249917493    6    4   11    8
 -0.01293831843559566    6    4   11    9
 -0.006880705047021299    6    5    5    1
 -0.02237275140313286    6    5    5    2
 0.01214155381460923    6    5    5    3
 0.01365545122782958    6    5    6    5
 0.0086535343188159    6    5    7    5
 0.006543354625756098    6    5    8    1
 0.01171070401391455    6    5    8    2
 -0.003539245009573605    6    5    8    3
 -0.005126281647542832    6    5    8    6
 -0.005089836689333321    6    5    8    7
 0.003680066068375485    6    5    9    1
 0.006586249247253    6    5    9    2
 -0.001990516518259787    6    5    9    3
 -0.002883086157947378    6    5    9    6
 -0.002862589048782264    6    5    9    7
 0.0007601262505596777    6    5   10    5
 0.004265642369277249    6    5   10    8
 0.002399051654821186    6    5   10    9
 0.01171873644843116    6    5   11    5
 -0.01293831843559567    6    5   11    8
 -0.007276675249917495    6    5   11    9
 0.5548639269087147    6    6    1    1
 -0.004092084398809604    6    6    2    1
 0.4636997122632252    6    6    2    2
 -0.008565298571131367    6    6    3    1
 -0.05161107109217289    6    6    3    2
 0.4666119765250886    6    6    3    3
 0.4347655007706603    6    6    4    4
 0.4347655007706606    6    6    5    5
 -0.003608089296810404    6    6    6    1
 -0.02571777652227316    6    6    6    2
 -0.01281860228265252    6    6    6    3
 0.4522155291953663    6    6    6    6
 -0.003669021238222482    6    6    7    1
 0.007631999832862862    6    6    7    2
 -0.04026800294136643    6    6    7    3
 0.07410403854116367    6    6    7    6
 0.4996751363018224    6    6    7    7
 0.03114971377022681    6    6    8    4
 -0.05538585990097922    6    6    8    5
 0.397925119799081    6    6    8    8
 -0.05538585990097919    6    6    9    4
 -0.03114971377022676    6    6    9    5
 0.3979251197990811    6    6    9    9
 0.0104407768100398    6    6   10    1
 -0.02128409597722862    6    6   10    2
 -0.05975171304074645    6    6   10    3
 -0.02896845208191583    6    6   10    6
 -0.002653834062428241    6    6   10    7
 0.3649474802270473    6    6   10   10
 -0.001785431559387641    6    6   11    1
 -0.04619982382988658    6    6   11    2
 0.0246636476320231    6    6   11    3
 0.009748464081679101    6    6   11    6
 0.008019158513399596    6    6   11    7
 -0.02112445117157855    6    6   11   10
 0.4553709116276602    6    6   11   11
 0.05216010248523305    7    1    1    1
 -0.009760747448324327    7    1    2    1
 -0.0009652779739592369    7    1    2    2
 0.01305968393521002    7    1    3    1
 0.01552371176250114    7    1    3    2
 0.005450319265246838    7    1    3    3
 0.001354161805165256    7    1    4    4
 0.001354161805165258    7    1    5    5
 0.01084336475277021    7    1    6    1
 0.007785848607179064    7    1    6    2
 0.001045040594903424    7    1    6    3
 -0.003669021238222475    7    1    6    6
 0.009444344362411407    7    1    7    1
 0.005471496680665084    7    1    7    2
 0.002903357828230336    7    1    7    3
 -0.001623438880346334    7    1    7    6
 -0.003693930419711819    7    1    7    7
 0.000793859239429729    7    1    8    4
 -0.001411524257991048    7    1    8    5
 0.00198670301711404    7    1    8    8
 -0.001411524257991047    7    1    9    4
 -0.0007938592394297292    7    1    9    5
 0.001986703017114041    7    1    9    9
 -0.01389055121956234    7    1   10    1
 -0.00939166894772725    7    1   10    2
 -0.007307178842822393    7    1   10    3
 -0.000777246328481668    7    1   10    6
 -0.002731818398909351    7    1   10    7
 0.01438926378951031    7    1   10   10
 0.01773063392584865    7    1   11    1
 0.003844556075053664    7    1   11    2
 -0.005790074904267192    7    1   11    3
 -0.004942410170834531    7    1   11    6
 -0.003906752244801925    7    1   11    7
 0.005275554860059244    7    1   11   10
 -0.009129333083220925    7    1   11   11
 -0.07742806725388388    7    2    1    1
 0.001813046674575335    7    2    2    1
 -0.03458945606615269    7    2    2    2
 0.01076127142588157    7    2    3    1
 0.01738021802049725    7    2    3    2
 0.01192421359334341    7    2    3    3
 -0.03647280073335806    7    2    4    4
 -0.03647280073335808    7    2    5    5
 0.005681815445330292    7    2    6    1
 0.02982469614929913    7    2    6    2
 -0.02438538186032277    7    2    6    3
 0.007631999832862851    7    2    6    6
 0.005471496680665085    7    2    7    1
 0.02996589139355555    7    2    7    2
 -0.03483332173721303    7    2    7    3
 0.01200130606531653    7    2    7    6
 0.05425800788249309    7    2    7    7
 -0.009271649914569429    7    2    8    4
 0.01648549026829563    7    2    8    5
 -0.02790166261841803    7    2    8    8
 0.01648549026829562    7    2    9    4
 0.009271649914569429    7    2    9    5
 -0.02790166261841804    7    2    9    9
 -0.01267844361042183    7    2   10    1
 -0.006402160462533366    7    2   10    2
 0.001721210685560032    7    2   10    3
 0.006732474859823327    7    2   10    6
 0.01029669240774694    7    2   10    7
 0.002120037126478489    7    2   10   10
 0.005058104396983863    7    2   11    1
 0.02256478142950401    7    2   11    2
 -0.0132902673425042    7    2   11    3
 -0.02613820872145369    7    2   11    6
 -0.01875175449821663    7    2   11    7
 0.005058290130982671    7    2   11   10
 -0.03536713219886051    7    2   11   11
 0.2063068914046305    7    3    1    1
 -0.005856326645832102    7    3    2    1
 0.07071213818615599    7    3    2    2
 0.003373733144462904    7    3    3    1
 0.06736599270967268    7    3    3    2
 0.02540621733984616    7    3    3    3
 0.08463792312404415    7    3    4    4
 0.08463792312404422    7    3    5    5
 0.003722835620263872    7    3    6    1
 -0.01745852996223853    7    3    6    2
 0.08248964452597907    7    3    6    3
 -0.04026800294136638    7    3    6    6
 0.002903357828230332    7    3    7    1
 -0.03483332173721303    7    3    7    2
 0.1127573558445582    7    3    7    3
 -0.03705332837013534    7    3    7    6
 -0.1607256220934165    7    3    7    7
 0.0253993332803518    7    3    8    4
 -0.04516137531858935    7    3    8    5
 0.06399529933944775    7    3    8    8
 -0.04516137531858934    7    3    9    4
 -0.0253993332803518    7    3    9    5
 0.06399529933944778    7    3    9    9
 -0.002252767504234075    7    3   10    1
 -0.02449990761408457    7    3   10    2
 -0.03608087733600248    7    3   10    3
 -0.01654146229224175    7    3   10    6
 -0.04222428425696573    7    3   10    7
 0.09571429983154564    7    3   10   10
 0.006510341501895575    7    3   11    1
 -0.03962864711458646    7    3   11    2
 0.009182937261386217    7    3   11    3
 0.03936345693770921    7    3   11    6
 0.0322766174452867    7    3   11    7
 0.0117834532582304    7    3   11   10
 0.0208107673353301    7    3   11   11
 -0.004503074468978539    7    4    4    1
 -0.02177187530119807    7    4    4    2
 0.00873764054933707    7    4    4    3
 0.008653534318815895    7    4    6    4
 0.008801800230969303    7    4    7    4
 -0.002385094520174601    7    4    8    1
 -0.00202444909221426    7    4    8    2
 0.001713130846414342    7    4    8    3
 0.004003794794366721    7    4    8    6
 0.0004820257221563539    7    4    8    7
 0.004240825836134863    7    4    9    1
 0.003599578943971373    7    4    9    2
 -0.003046038424347933    7    4    9    3
 -0.00711896164403987    7    4    9    6
 -0.0008570675580825976    7    4    9    7
 -0.003437206586522594    7    4   10    4
 -4.0381587609589e-05    7    4   10    8
 7.180062617659052e-05    7    4   10    9
 0.001842254357153946    7    4   11    4
 0.009785375625001638    7    4   11    8
 -0.01739892210383067    7    4   11    9
 -0.004503074468978543    7    5    5    1
 -0.02177187530119808    7    5    5    2
 0.008737640549337077    7    5    5    3
 0.008653534318815905    7    5    6    5
 0.008801800230969308    7    5    7    5
 0.004240825836134863    7    5    8    1
 0.00359957894397137    7    5    8    2
 -0.003046038424347931    7    5    8    3
 -0.007118961644039869    7    5    8    6
 -0.0008570675580825962    7    5    8    7
 0.002385094520174603    7    5    9    1
 0.002024449092214259    7    5    9    2
 -0.001713130846414343    7    5    9    3
 -0.004003794794366725    7    5    9    6
 -0.0004820257221563526    7    5    9    7
 -0.003437206586522598    7    5   10    5
 7.180062617659304e-05    7    5   10    8
 4.038158760958806e-05    7    5   10    9
 0.001842254357153952    7    5   11    5
 -0.01739892210383066    7    5   11    8
 -0.009785375625001638    7    5   11    9
 0.223556193818871    7    6    1    1
 -0.003707218191319898    7    6    2    1
 0.1442444754273561    7    6    2    2
 -0.00454082897009764    7    6    3    1
 -0.02027327939356141    7    6    3    2
 0.1456579058468585    7    6    3    3
 0.1269972186813523    7    6    4    4
 0.1269972186813524    7    6    5    5
 -0.001470887341158382    7    6    6    1
 -0.01794870899839175    7    6    6    2
 0.01648452543594938    7    6    6    3
 0.07410403854116368    7    6    6    6
 -0.001623438880346329    7    6    7    1
 0.01200130606531654    7    6    7    2
 -0.03705332837013534    7    6    7    3
 0.08145399088073813    7    6    7    6
 0.1608875017884382    7    6    7    7
 0.02357517873699444    7    6    8    4
 -0.0419179308130834    7    6    8    5
 0.1007104622646141    7    6    8    8
 -0.04191793081308338    7    6    9    4
 -0.02357517873699444    7    6    9    5
 0.1007104622646142    7    6    9    9
 0.005936347633967249    7    6   10    1
 -0.01238293793668567    7    6   10    2
 -0.04308609026688043    7    6   10    3
 -0.009779980929071857    7    6   10    6
 -0.00491629077784845    7    6   10    7
 0.09954902807802767    7    6   10   10
 0.0002844152355669988    7    6   11    1
 -0.03720535935336254    7    6   11    2
 0.01708042472256589    7    6   11    3
 0.02276134939178499    7    6   11    6
 -0.001953913977291045    7    6   11    7
 -0.01147200762682682    7    6   11   10
 0.1190001130991015    7    6   11   11
 0.5437478334328653    7    7    1    1
 -0.002849084097346962    7    7    2    1
 0.4948626134520253    7    7    2    2
 -0.008385531014996925    7    7    3    1
 -0.1001565586373289    7    7    3    2
 0.5438469466421262    7    7    3    3
 0.4472704219317058    7    7    4    4
 0.4472704219317061    7    7    5    5
 -0.003870412102233199    7    7    6    1
 -0.01524589881291217    7    7    6    2
 -0.05743908531285213    7    7    6    3
 0.4996751363018228    7    7    6    6
 -0.003693930419711803    7    7    7    1
 0.05425800788249309    7    7    7    2
 -0.1607256220934166    7    7    7    3
 0.1608875017884381    7    7    7    6
 0.7495771657851049    7    7    7    7
 0.02617277307654898    7    7    8    4
 -0.04653659271255989    7    7    8    5
 0.4121459009111835    7    7    8    8
 -0.04653659271255976    7    7    9    4
 -0.02617277307654892    7    7    9    5
 0.4121459009111835    7    7    9    9
 0.009724512987417866    7    7   10    1
 -0.01868777642588601    7    7   10    2
 -0.07054525807416416    7    7   10    3
 -0.02312952617485773    7    7   10    6
 0.02790192854408164    7    7   10    7
 0.3636113405287905    7    7   10   10
 -0.002435321295949036    7    7   11    1
 -0.03286018179458149    7    7   11    2
 0.02041293059151847    7    7   11    3
 -0.00237127603262832    7    7   11    6
 -0.02697573356145657    7    7   11    7
 -0.03279195233370024    7    7   11   10
 0.5004082556987285    7    7   11   11
 0.02264824193576299    8    1    4    1
 0.02107835420162585    8    1    4    2
 0.004104427930705029    8    1    4    3
 -0.04026978752069986    8    1    5    1
 -0.03747844302409994    8    1    5    2
 -0.007297892751777914    8    1    5    3
 -0.003680066068375484    8    1    6    4
 0.006543354625756097    8    1    6    5
 -0.002385094520174602    8    1    7    4
 0.004240825836134864    8    1    7    5
 0.05510383509295459    8    1    8    1
 0.02625279496347354    8    1    8    2
 0.006089660112519256    8    1    8    3
 -0.00755560114356175    8    1    8    6
 -0.002154118918454336    8    1    8    7
 -0.006837132523127322    8    1   10    4
 0.01215678791926187    8    1   10    5
 -0.01758456080570213    8    1   10    8
 -0.009314279247708035    8    1   11    4
 0.01656128750644372    8    1   11    5
 -0.0275028390420739    8    1   11    8
 0.01161562008787571    8    2    4    1
 0.02348976445264455    8    2    4    2
 0.005018421170523906    8    2    4    3
 -0.02065319481249924    8    2    5    1
 -0.04176605963951685    8    2    5    2
 -0.008923021698530405    8    2    5    3
 -0.006586249247253    8    2    6    4
 0.01171070401391456    8    2    6    5
 -0.002024449092214259    8    2    7    4
 0.00359957894397137    8    2    7    5
 0.02625279496347354    8    2    8    1
 0.04594167126285245    8    2    8    2
 0.0063518416449995    8    2    8    3
 -0.004386037814238112    8    2    8    6
 -0.00801214704815458    8    2    8    7
 -0.01180313121431683    8    2   10    4
 0.02098659964104919    8    2   10    5
 -0.01262653406590533    8    2   10    8
 -0.01919836302714746    8    2   11    4
 0.03413571799706418    8    2   11    5
 -0.01764054813058773    8    2   11    8
 0.002703474170774006    8    3    4    1
 0.007262496957801851    8    3    4    2
 0.004724800917549538    8    3    4    3
 -0.004806921911800118    8    3    5    1
 -0.01291310867262497    8    3    5    2
 -0.008400949158304619    8    3    5    3
 0.001990516518259786    8    3    6    4
 -0.003539245009573604    8    3    6    5
 0.001713130846414343    8    3    7    4
 -0.003046038424347933    8    3    7    5
 0.006089660112519259    8    3    8    1
 0.006351841644999501    8    3    8    2
 0.01756902178401801    8    3    8    3
 0.002458305569607744    8    3    8    6
 0.005213771700259193    8    3    8    7
 -0.009092784642683907    8    3   10    4
 0.01616745823233931    8    3   10    5
 -0.007709267855732316    8    3   10    8
 0.001501028794279298    8    3   11    4
 -0.002668909612477753    8    3   11    5
 -0.007661345707132916    8    3   11    8
 0.2882967152779218    8    4    1    1
 -0.008939676056051898    8    4    2    1
 0.1114619316486448    8    4    2    2
 -0.001711819968585593    8    4    3    1
 0.0125101791719465    8    4    3    2
 0.08156941014006043    8    4    3    3
 0.120002491099173    8    4    4    4
 -0.01175735940415709    8    4    5    4
 0.106777513432023    8    4    5    5
 0.001757793399147816    8    4    6    1
 -0.02280017428532124    8    4    6    2
 0.03598343529528984    8    4    6    3
 0.03114971377022681    8    4    6    6
 0.0007938592394297284    8    4    7    1
 -0.009271649914569439    8    4    7    2
 0.02539933328035177    8    4    7    3
 0.02357517873699445    8    4    7    6
 0.02617277307654897    8    4    7    7
 0.05879293235140989    8    4    8    4
 -0.06960375049659168    8    4    8    5
 0.08887513723177867    8    4    8    8
 -0.06960375049659169    8    4    9    4
 -0.01949914108319539    8    4    9    5
 -0.005505686971787322    8    4    9    8
 0.0826822001324449    8    4    9    9
 0.003943074961885219    8    4   10    1
 -0.03081835628802622    8    4   10    2
 -0.0542673967586358    8    4   10    3
 -0.02020847458462063    8    4   10    6
 -0.02153908160022202    8    4   10    7
 0.07787898109431871    8    4   10   10
 0.006214080240605564    8    4   11    1
 -0.05432283311919526    8    4   11    2
 0.01506726194466865    8    4   11    3
 0.02860571227645165    8    4   11    6
 0.02068967361613502    8    4   11    7
 -0.001056820688294426    8    4   11   10
 0.07171410518506502    8    4   11   11
 -0.5126070049978253    8    5    1    1
 0.01589522296265466    8    5    2    1
 -0.1981852859426584    8    5    2    2
 0.003043707613339334    8    5    3    1
 -0.02224376878916445    8    5    3    2
 -0.1450347812358086    8    5    3    3
 -0.1898561393900695    8    5    4    4
 0.006612488833575089    8    5    5    4
 -0.2133708581983838    8    5    5    5
 -0.003125450835863586    8    5    6    1
 0.04053993137785152    8    5    6    2
 -0.06398047573476508    8    5    6    3
 -0.05538585990097925    8    5    6    6
 -0.001411524257991059    8    5    7    1
 0.01648549026829566    8    5    7    2
 -0.0451613753185893    8    5    7    3
 -0.04191793081308341    8    5    7    6
 -0.04653659271255984    8    5    7    7
 -0.06960375049659168    8    5    8    4
 0.1434060929745222    8    5    8    5
 -0.158024755402552    8    5    8    8
 0.1041123017063076    8    5    9    4
 0.0696037504965917    8    5    9    5
 -0.003096468549666929    8    5    9    8
 -0.1470133814589774    8    5    9    9
 -0.007010998528878126    8    5   10    1
 0.05479668854545162    8    5   10    2
 0.0964903387631601    8    5   10    3
 0.03593175046205725    8    5   10    6
 0.03829764102185421    8    5   10    7
 -0.1384730006811084    8    5   10   10
 -0.01104896758148027    8    5   11    1
 0.09658890758218738    8    5   11    2
 -0.02679039895244266    8    5   11    3
 -0.05086248895248635    8    5   11    6
 -0.03678734811988927    8    5   11    7
 0.001879083801992333    8    5   11   10
 -0.127511521036849    8    5   11   11
 -0.003394051415503665    8    6    4    1
 -0.01464113255069659    8    6    4    2
 0.002042387387930599    8    6    4    3
 0.006034805249975739    8    6    5    1
 0.02603271806046659    8    6    5    2
 -0.003631474194782861    8    6    5    3
 0.002883086157947374    8    6    6    4
 -0.005126281647542827    8    6    6    5
 0.004003794794366725    8    6    7    4
 -0.007118961644039874    8    6    7    5
 -0.007555601143561754    8    6    8    1
 -0.004386037814238108    8    6    8    2
 0.002458305569607742    8    6    8    3
 0.0127820632285187    8    6    8    6
 0.0007868357111137275    8    6    8    7
 -0.002241244344848864    8    6   10    4
 0.003985052517763708    8    6   10    5
 0.007310371369086493    8    6   10    8
 0.001170204146940525    8    6   11    4
 -0.002080685665880548    8    6   11    5
 0.02641191460728805    8    6   11    8
 -0.0009326971851175097    8    7    4    1
 0.0008497443599052258    8    7    4    2
 0.003234204908174769    8    7    4    3
 0.001658385563540282    8    7    5    1
 -0.001510890996190862    8    7    5    2
 -0.005750589596314062    8    7    5    3
 0.002862589048782265    8    7    6    4
 -0.005089836689333325    8    7    6    5
 0.0004820257221563523    8    7    7    4
 -0.0008570675580825933    8    7    7    5
 -0.002154118918454335    8    7    8    1
 -0.008012147048154578    8    7    8    2
 0.005213771700259195    8    7    8    3
 0.0007868357111137327    8    7    8    6
 0.007497333334302297    8    7    8    7
 -0.0007730145083943913    8    7   10    4
 0.001374461209472753    8    7   10    5
 -0.007279626012150914    8    7   10    8
 0.005864073327153792    8    7   11    4
 -0.01042663653806166    8    7   11    5
 -0.004510518790453296    8    7   11    8
 1.108945486055482    8    8    1    1
 -0.02161837208419172    8    8    2    1
 0.711369361553951    8    8    2    2
 -0.004137918233442191    8    8    3    1
 0.03602886765977568    8    8    3    2
 0.6139576076499982    8    8    3    3
 0.7046668720303633    8    8    4    4
 -0.02679075648343896    8    8    5    4
 0.7372348093236122    8    8    5    5
 0.004198497320831033    8    8    6    1
 -0.06493352672160274    8    8    6    2
 0.1228952606938837    8    8    6    3
 0.3979251197990811    8    8    6    6
 0.001986703017114054    8    8    7    1
 -0.02790166261841803    8    8    7    2
 0.06399529933944764    8    8    7    3
 0.100710462264614    8    8    7    6
 0.4121459009111833    8    8    7    7
 0.08887513723177866    8    8    8    4
 -0.158024755402552    8    8    8    5
 0.673244416504823    8    8    8    8
 -0.1470133814589772    8    8    9    4
 -0.08268220013244471    8    8    9    5
 0.6118854214602838    8    8    9    9
 0.009728640913231022    8    8   10    1
 -0.0679588636526524    8    8   10    2
 -0.1273986648070778    8    8   10    3
 -0.04321959026062672    8    8   10    6
 -0.06161247418454059    8    8   10    7
 0.6073417523313426    8    8   10   10
 0.01536710405333335    8    8   11    1
 -0.1087335576905144    8    8   11    2
 0.02355663087957028    8    8   11    3
 0.1006459621993359    8    8   11    6
 0.0357662689519096    8    8   11    7
 0.007384418133896349    8    8   11   10
 0.6069215259765868    8    8   11   11
 -0.04026978752069985    9    1    4    1
 -0.03747844302409992    9    1    4    2
 -0.007297892751777911    9    1    4    3
 -0.02264824193576299    9    1    5    1
 -0.02107835420162586    9    1    5    2
 -0.00410442793070503    9    1    5    3
 0.006543354625756097    9    1    6    4
 0.003680066068375485    9    1    6    5
 0.004240825836134864    9    1    7    4
 0.002385094520174603    9    1    7    5
 0.05510383509295461    9    1    9    1
 0.02625279496347355    9    1    9    2
 0.006089660112519258    9    1    9    3
 -0.007555601143561755    9    1    9    6
 -0.002154118918454336    9    1    9    7
 0.01215678791926187    9    1   10    4
 0.006837132523127321    9    1   10    5
 -0.01758456080570213    9    1   10    9
 0.01656128750644373    9    1   11    4
 0.009314279247708033    9    1   11    5
 -0.02750283904207392    9    1   11    9
 -0.02065319481249923    9    2    4    1
 -0.04176605963951686    9    2    4    2
 -0.008923021698530407    9    2    4    3
 -0.01161562008787571    9    2    5    1
 -0.02348976445264455    9    2    5    2
 -0.005018421170523907    9    2    5    3
 0.01171070401391455    9    2    6    4
 0.006586249247253002    9    2    6    5
 0.003599578943971371    9    2    7    4
 0.002024449092214259    9    2    7    5
 0.02625279496347355    9    2    9    1
 0.04594167126285247    9    2    9    2
 0.006351841644999503    9    2    9    3
 -0.004386037814238109    9    2    9    6
 -0.008012147048154582    9    2    9    7
 0.02098659964104919    9    2   10    4
 0.01180313121431683    9    2   10    5
 -0.01262653406590535    9    2   10    9
 0.03413571799706418    9    2   11    4
 0.01919836302714747    9    2   11    5
 -0.01764054813058781    9    2   11    9
 -0.004806921911800116    9    3    4    1
 -0.01291310867262497    9    3    4    2
 -0.008400949158304619    9    3    4    3
 -0.002703474170774006    9    3    5    1
 -0.007262496957801855    9    3    5    2
 -0.004724800917549538    9    3    5    3
 -0.003539245009573605    9    3    6    4
 -0.001990516518259787    9    3    6    5
 -0.003046038424347933    9    3    7    4
 -0.001713130846414343    9    3    7    5
 0.006089660112519261    9    3    9    1
 0.006351841644999504    9    3    9    2
 0.01756902178401802    9    3    9    3
 0.002458305569607747    9    3    9    6
 0.005213771700259196    9    3    9    7
 0.0161674582323393    9    3   10    4
 0.009092784642683911    9    3   10    5
 -0.007709267855732322    9    3   10    9
 -0.002668909612477756    9    3   11    4
 -0.0015010287942793    9    3   11    5
 -0.007661345707132927    9    3   11    9
 -0.5126070049978251    9    4    1    1
 0.01589522296265465    9    4    2    1
 -0.1981852859426582    9    4    2    2
 0.003043707613339335    9    4    3    1
 -0.02224376878916444    9    4    3    2
 -0.1450347812358085    9    4    3    3
 -0.2133708581983836    9    4    4    4
 -0.006612488833575058    9    4    5    4
 -0.1898561393900695    9    4    5    5
 -0.003125450835863582    9    4    6    1
 0.04053993137785152    9    4    6    2
 -0.06398047573476506    9    4    6    3
 -0.05538585990097923    9    4    6    6
 -0.001411524257991059    9    4    7    1
 0.01648549026829564    9    4    7    2
 -0.04516137531858929    9    4    7    3
 -0.04191793081308336    9    4    7    6
 -0.0465365927125598    9    4    7    7
 -0.06960375049659169    9    4    8    4
 0.1041123017063077    9    4    8    5
 -0.1470133814589772    9    4    8    8
 0.1434060929745223    9    4    9    4
 0.0696037504965917    9    4    9    5
 0.003096468549667017    9    4    9    8
 -0.1580247554025521    9    4    9    9
 -0.007010998528878106    9    4   10    1
 0.05479668854545155    9    4   10    2
 0.09649033876316003    9    4   10    3
 0.03593175046205725    9    4   10    6
 0.03829764102185419    9    4   10    7
 -0.1384730006811082    9    4   10   10
 -0.01104896758148026    9    4   11    1
 0.09658890758218722    9    4   11    2
 -0.02679039895244267    9    4   11    3
 -0.05086248895248626    9    4   11    6
 -0.03678734811988923    9    4   11    7
 0.001879083801992359    9    4   11   10
 -0.1275115210368487    9    4   11   11
 -0.2882967152779218    9    5    1    1
 0.008939676056051893    9    5    2    1
 -0.1114619316486447    9    5    2    2
 0.001711819968585591    9    5    3    1
 -0.0125101791719465    9    5    3    2
 -0.08156941014006036    9    5    3    3
 -0.1067775134320229    9    5    4    4
 -0.0117573594041571    9    5    5    4
 -0.1200024910991731    9    5    5    5
 -0.001757793399147813    9    5    6    1
 0.02280017428532125    9    5    6    2
 -0.03598343529528984    9    5    6    3
 -0.0311497137702268    9    5    6    6
 -0.0007938592394297298    9    5    7    1
 0.00927164991456943    9    5    7    2
 -0.02539933328035179    9    5    7    3
 -0.02357517873699442    9    5    7    6
 -0.02617277307654891    9    5    7    7
 -0.0194991410831954    9    5    8    4
 0.0696037504965917    9    5    8    5
 -0.08268220013244476    9    5    8    8
 0.06960375049659172    9    5    9    4
 0.05879293235140994    9    5    9    5
 -0.005505686971787293    9    5    9    8
 -0.08887513723177871    9    5    9    9
 -0.00394307496188521    9    5   10    1
 0.03081835628802621    9    5   10    2
 0.0542673967586358    9    5   10    3
 0.02020847458462065    9    5   10    6
 0.02153908160022201    9    5   10    7
 -0.07787898109431861    9    5   10   10
 -0.006214080240605538    9    5   11    1
 0.05432283311919525    9    5   11    2
 -0.01506726194466865    9    5   11    3
 -0.02860571227645161    9    5   11    6
 -0.02068967361613507    9    5   11    7
 0.001056820688294425    9    5   11   10
 -0.07171410518506488    9    5   11   11
 0.006034805249975737    9    6    4    1
 0.02603271806046659    9    6    4    2
 -0.003631474194782865    9    6    4    3
 0.003394051415503666    9    6    5    1
 0.0146411325506966    9    6    5    2
 -0.0020423873879306    9    6    5    3
 -0.005126281647542827    9    6    6    4
 -0.002883086157947375    9    6    6    5
 -0.00711896164403987    9    6    7    4
 -0.004003794794366725    9    6    7    5
 -0.007555601143561757    9    6    9    1
 -0.004386037814238112    9    6    9    2
 0.002458305569607745    9    6    9    3
 0.01278206322851868    9    6    9    6
 0.0007868357111137483    9    6    9    7
 0.003985052517763711    9    6   10    4
 0.002241244344848865    9    6   10    5
 0.0073103713690865    9    6   10    9
 -0.002080685665880536    9    6   11    4
 -0.001170204146940521    9    6   11    5
 0.02641191460728808    9    6   11    9
 0.001658385563540282    9    7    4    1
 -0.001510890996190861    9    7    4    2
 -0.00575058959631406    9    7    4    3
 0.0009326971851175102    9    7    5    1
 -0.0008497443599052282    9    7    5    2
 -0.00323420490817477    9    7    5    3
 -0.005089836689333327    9    7    6    4
 -0.002862589048782266    9    7    6    5
 -0.0008570675580825955    9    7    7    4
 -0.0004820257221563519    9    7    7    5
 -0.002154118918454337    9    7    9    1
 -0.008012147048154582    9    7    9    2
 0.005213771700259196    9    7    9    3
 0.0007868357111137423    9    7    9    6
 0.007497333334302292    9    7    9    7
 0.001374461209472753    9    7   10    4
 0.0007730145083943907    9    7   10    5
 -0.007279626012150923    9    7   10    9
 -0.01042663653806166    9    7   11    4
 -0.005864073327153795    9    7   11    5
 -0.004510518790453312    9    7   11    9
 -0.02679075648343901    9    8    4    4
 0.01628396864662424    9    8    5    4
 0.02679075648343903    9    8    5    5
 -0.00550568697178731    9    8    8    4
 -0.003096468549666966    9    8    8    5
 0.003096468549666999    9    8    9    4
 -0.005505686971787313    9    8    9    5
 0.03067949752226969    9    8    9    8
 1.108945486055483    9    9    1    1
 -0.0216183720841918    9    9    2    1
 0.7113693615539513    9    9    2    2
 -0.004137918233442201    9    9    3    1
 0.03602886765977571    9    9    3    2
 0.6139576076499984    9    9    3    3
 0.737234809323612    9    9    4    4
 0.02679075648343903    9    9    5    4
 0.7046668720303638    9    9    5    5
 0.004198497320831056    9    9    6    1
 -0.06493352672160285    9    9    6    2
 0.1228952606938837    9    9    6    3
 0.3979251197990812    9    9    6    6
 0.001986703017114053    9    9    7    1
 -0.02790166261841799    9    9    7    2
 0.06399529933944768    9    9    7    3
 0.100710462264614    9    9    7    6
 0.4121459009111837    9    9    7    7
 0.08268220013244482    9    9    8    4
 -0.1470133814589774    9    9    8    5
 0.6118854214602838    9    9    8    8
 -0.1580247554025521    9    9    9    4
 -0.0888751372317787    9    9    9    5
 0.6732444165048235    9    9    9    9
 0.009728640913231017    9    9   10    1
 -0.06795886365265238    9    9   10    2
 -0.1273986648070779    9    9   10    3
 -0.0432195902606268    9    9   10    6
 -0.06161247418454052    9    9   10    7
 0.6073417523313427    9    9   10   10
 0.01536710405333335    9    9   11    1
 -0.1087335576905143    9    9   11    2
 0.02355663087957032    9    9   11    3
 0.1006459621993359    9    9   11    6
 0.03576626895190956    9    9   11    7
 0.007384418133896404    9    9   11   10
 0.6069215259765866    9    9   11   11
 0.2593505670303674   10    1    1    1
 -0.03893467342884012   10    1    2    1
 0.0165549570984795   10    1    2    2
 -0.03950155674017668   10    1    3    1
 -0.02841913609632087   10    1    3    2
 -0.003504788566936992   10    1    3    3
 0.006729920649018699   10    1    4    4
 0.006729920649018705   10    1    5    5
 -0.01003278207391281   10    1    6    1
 -0.01895877737426143   10    1    6    2
 0.001406544673596062   10    1    6    3
 0.0104407768100398   10    1    6    6
 -0.01389055121956234   10    1    7    1
 -0.01267844361042183   10    1    7    2
 -0.002252767504234073   10    1    7    3
 0.00593634763396726   10    1    7    6
 0.009724512987417847   10    1    7    7
 0.003943074961885226   10    1    8    4
 -0.007010998528878105   10    1    8    5
 0.009728640913231021   10    1    8    8
 -0.0070109985288781   10    1    9    4
 -0.003943074961885226   10    1    9    5
 0.009728640913231024   10    1    9    9
 0.05880687766819595   10    1   10    1
 0.01229139442933297   10    1   10    2
 0.005335816756450242   10    1   10    3
 -0.001630011186269174   10    1   10    6
 0.001595209056883623   10    1   10    7
 -0.01504951468407778   10    1   10   10
 0.008641915232886526   10    1   11    1
 -0.01962400123597668   10    1   11    2
 0.01424121214574935   10    1   11    3
 0.01543463655282458   10    1   11    6
 0.01188530789875997   10    1   11    7
 -0.01081970284642847   10    1   11   10
 0.03118078164307073   10    1   11   11
 -0.2383895193746084   10    2    1    1
 0.01168722624992442   10    2    2    1
 -0.08458116200878263   10    2    2    2
 -0.01301757111744829   10    2    3    1
 -0.04208772937292374   10    2    3    2
 -0.07676892373538788   10    2    3    3
 -0.09110735261234276   10    2    4    4
 -0.09110735261234283   10    2    5    5
 -0.01127031720596141   10    2    6    1
 -0.001514847657012916   10    2    6    2
 -0.02352602688050718   10    2    6    3
 -0.0212840959772287   10    2    6    6
 -0.009391668947727251   10    2    7    1
 -0.006402160462533378   10    2    7    2
 -0.02449990761408458   10    2    7    3
 -0.01238293793668563   10    2    7    6
 -0.01868777642588602   10    2    7    7
 -0.03081835628802622   10    2    8    4
 0.05479668854545158   10    2    8    5
 -0.06795886365265247   10    2    8    8
 0.05479668854545156   10    2    9    4
 0.03081835628802622   10    2    9    5
 -0.0679588636526525   10    2    9    9
 0.01229139442933298   10    2   10    1
 0.05319243764657559   10    2   10    2
 0.06812406735244998   10    2   10    3
 0.02471386848873899   10    2   10    6
 0.02336444932290024   10    2   10    7
 -0.07428543166477355   10    2   10   10
 -0.01777298622028561   10    2   11    1
 0.02692852012774725   10    2   11    2
 0.007221362119013787   10    2   11    3
 -0.008757733797451915   10    2   11    6
 -0.00471287117523856   10    2   11    7
 -0.0107773196487327   10    2   11   10
 -0.04124353445739985   10    2   11   11
 -0.4491789349426277   10    3    1    1
 0.01555111616871836   10    3    2    1
 -0.1716229104762979   10    3    2    2
 -0.007508947911223511   10    3    3    1
 -0.02711155478430892   10    3    3    2
 -0.1526619689589361   10    3    3    3
 -0.165295142568589   10    3    4    4
 -0.1652951425685892   10    3    5    5
 -0.0092713237538057   10    3    6    1
 0.02399317223572513   10    3    6    2
 -0.05230919827317373   10    3    6    3
 -0.05975171304074652   10    3    6    6
 -0.007307178842822399   10    3    7    1
 0.001721210685560001   10    3    7    2
 -0.03608087733600247   10    3    7    3
 -0.04308609026688045   10    3    7    6
 -0.07054525807416434   10    3    7    7
 -0.0542673967586358   10    3    8    4
 0.09649033876316009   10    3    8    5
 -0.1273986648070779   10    3    8    8
 0.09649033876316007   10    3    9    4
 0.05426739675863582   10    3    9    5
 -0.127398664807078   10    3    9    9
 0.00533581675645023   10    3   10    1
 0.06812406735244998   10    3   10    2
 0.1229989862497508   10    3   10    3
 0.05005738086585941   10    3   10    6
 0.04230570517940879   10    3   10    7
 -0.1237858323795622   10    3   10   10
 -0.01739333234992761   10    3   11    1
 0.07002784884319939   10    3   11    2
 -0.01848047312265016   10    3   11    3
 -0.03659773493298118   10    3   11    6
 -0.02270664825184025   10    3   11    7
 0.001158239271299201   10    3   11   10
 -0.1151894881345561   10    3   11   11
 -0.01253274850212624   10    4    4    1
 -0.02120288159259145   10    4    4    2
 -0.01262745382762389   10    4    4    3
 0.0007601262505596883   10    4    6    4
 -0.00343720658652259   10    4    7    4
 -0.006837132523127321   10    4    8    1
 -0.01180313121431683   10    4    8    2
 -0.009092784642683907   10    4    8    3
 -0.002241244344848862   10    4    8    6
 -0.0007730145083943903   10    4    8    7
 0.01215678791926187   10    4    9    1
 0.0209865996410492   10    4    9    2
 0.0161674582323393   10    4    9    3
 0.003985052517763705   10    4    9    6
 0.001374461209472753   10    4    9    7
 0.02824417606460814   10    4   10    4
 0.003843866972780033   10    4   10    8
 -0.006834601409271494   10    4   10    9
 0.01406470245657223   10    4   11    4
 0.002314908521732692   10    4   11    8
 -0.004116031370754274   10    4   11    9
 -0.01253274850212625   10    5    5    1
 -0.02120288159259149   10    5    5    2
 -0.01262745382762391   10    5    5    3
 0.0007601262505596848   10    5    6    5
 -0.003437206586522592   10    5    7    5
 0.01215678791926188   10    5    8    1
 0.02098659964104919   10    5    8    2
 0.0161674582323393   10    5    8    3
 0.003985052517763702   10    5    8    6
 0.001374461209472756   10    5    8    7
 0.006837132523127324   10    5    9    1
 0.01180313121431684   10    5    9    2
 0.009092784642683911   10    5    9    3
 0.002241244344848865   10    5    9    6
 0.0007730145083943901   10    5    9    7
 0.02824417606460816   10    5   10    5
 -0.006834601409271508   10    5   10    8
 -0.003843866972780028   10    5   10    9
 0.01406470245657222   10    5   11    5
 -0.004116031370754267   10    5   11    8
 -0.002314908521732684   10    5   11    9
 -0.1691389396142643   10    6    1    1
 0.005072496482668221   10    6    2    1
 -0.0619236423704165   10    6    2    2
 0.000589144092850123   10    6    3    1
 0.006801808185793154   10    6    3    2
 -0.05034901870692107   10    6    3    3
 -0.05541456052504973   10    6    4    4
 -0.05541456052504979   10    6    5    5
 -0.001257910654139734   10    6    6    1
 0.0163153997143948   10    6    6    2
 -0.0162743490840213   10    6    6    3
 -0.02896845208191579   10    6    6    6
 -0.0007772463284816707   10    6    7    1
 0.00673247485982331   10    6    7    2
 -0.01654146229224176   10    6    7    3
 -0.009779980929071863   10    6    7    6
 -0.02312952617485763   10    6    7    7
 -0.02020847458462064   10    6    8    4
 0.03593175046205727   10    6    8    5
 -0.04321959026062679   10    6    8    8
 0.03593175046205725   10    6    9    4
 0.02020847458462065   10    6    9    5
 -0.04321959026062681   10    6    9    9
 -0.001630011186269187   10    6   10    1
 0.02471386848873899   10    6   10    2
 0.05005738086585942   10    6   10    3
 0.02678318891737948   10    6   10    6
 0.01721273981001915   10    6   10    7
 -0.02408933173991708   10    6   10   10
 -0.003783351157543138   10    6   11    1
 0.027406297645882   10    6   11    2
 -0.008673690229108164   10    6   11    3
 -0.01867315762133612   10    6   11    6
 -0.01473908390584321   10    6   11    7
 0.006140018784857718   10    6   11   10
 -0.05239958500207618   10    6   11   11
 -0.196543549778893   10    7    1    1
 0.006328070805619596   10    7    2    1
 -0.07518498157642826   10    7    2    2
 -0.002656159985716251   10    7    3    1
 -0.02596431771786952   10    7    3    2
 -0.05755076775217105   10    7    3    3
 -0.07691223674207444   10    7    4    4
 -0.07691223674207451   10    7    5    5
 -0.003510351645479281   10    7    6    1
 0.01268668047276896   10    7    6    2
 -0.04297808093238095   10    7    6    3
 -0.002653834062428372   10    7    6    6
 -0.002731818398909352   10    7    7    1
 0.01029669240774693   10    7    7    2
 -0.04222428425696571   10    7    7    3
 -0.004916290777848513   10    7    7    6
 0.02790192854408166   10    7    7    7
 -0.02153908160022203   10    7    8    4
 0.03829764102185425   10    7    8    5
 -0.06161247418454052   10    7    8    8
 0.03829764102185425   10    7    9    4
 0.02153908160022203   10    7    9    5
 -0.06161247418454056   10    7    9    9
 0.001595209056883624   10    7   10    1
 0.02336444932290025   10    7   10    2
 0.04230570517940884   10    7   10    3
 0.01721273981001904   10    7   10    6
 0.02611256012369108   10    7   10    7
 -0.07426023228525389   10    7   10   10
 -0.006764178488753574   10    7   11    1
 0.02983329520508684   10    7   11    2
 -0.006992297879845638   10    7   11    3
 -0.02548099227954569   10    7   11    6
 -0.01792447609668844   10    7   11    7
 -0.002700145291720902   10    7   11   10
 -0.04429518916591618   10    7   11   11
 -0.007881955121632174   10    8    4    1
 -0.02949738166880479   10    8    4    2
 -0.01644500574060173   10    8    4    3
 0.01401453847482165   10    8    5    1
 0.05244792490246497   10    8    5    2
 0.02924010123297948   10    8    5    3
 -0.002399051654821184   10    8    6    4
 0.00426564236927725   10    8    6    5
 -4.038158760958561e-05   10    8    7    4
 7.180062617658316e-05   10    8    7    5
 -0.01758456080570213   10    8    8    1
 -0.01262653406590535   10    8    8    2
 -0.007709267855732317   10    8    8    3
 0.0073103713690865   10    8    8    6
 -0.007279626012150914   10    8    8    7
 0.003843866972780035   10    8   10    4
 -0.006834601409271514   10    8   10    5
 0.05035005274131596   10    8   10    8
 5.423709218329364e-05   10    8   11    4
 -9.643645560466952e-05   10    8   11    5
 0.03228962629965072   10    8   11    8
 0.01401453847482165   10    9    4    1
 0.05244792490246497   10    9    4    2
 0.02924010123297948   10    9    4    3
 0.007881955121632176   10    9    5    1
 0.0294973816688048   10    9    5    2
 0.01644500574060174   10    9    5    3
 0.004265642369277253   10    9    6    4
 0.002399051654821186   10    9    6    5
 7.180062617658066e-05   10    9    7    4
 4.038158760958487e-05   10    9    7    5
 -0.01758456080570213   10    9    9    1
 -0.01262653406590537   10    9    9    2
 -0.007709267855732328   10    9    9    3
 0.007310371369086506   10    9    9    6
 -0.007279626012150922   10    9    9    7
 -0.0068346014092715   10    9   10    4
 -0.00384386697278003   10    9   10    5
 0.05035005274131596   10    9   10    9
 -9.643645560466342e-05   10    9   11    4
 -5.423709218328797e-05   10    9   11    5
 0.03228962629965071   10    9   11    9
 1.063612766965647   10   10    1    1
 -0.02282845558255664   10   10    2    1
 0.6806032281944117   10   10    2    2
 0.01807844028624281   10   10    3    1
 0.1326060819312372   10   10    3    2
 0.6563311226293975   10   10    3    3
 0.6849385295023793   10   10    4    4
 0.6849385295023798   10   10    5    5
 0.01758827640111304   10   10    6    1
 -0.01829449349002092   10   10    6    2
 0.1615614637215527   10   10    6    3
 0.3649474802270472   10   10    6    6
 0.01438926378951032   10   10    7    1
 0.002120037126478487   10   10    7    2
 0.09571429983154571   10   10    7    3
 0.09954902807802764   10   10    7    6
 0.3636113405287905   10   10    7    7
 0.07787898109431871   10   10    8    4
 -0.1384730006811084   10   10    8    5
 0.6073417523313428   10   10    8    8
 -0.1384730006811083   10   10    9    4
 -0.07787898109431866   10   10    9    5
 0.607341752331343   10   10    9    9
 -0.01504951468407775   10   10   10    1
 -0.07428543166477351   10   10   10    2
 -0.1237858323795623   10   10   10    3
 -0.02408933173991712   10   10   10    6
 -0.07426023228525404   10   10   10    7
 0.7357354398963381   10   10   10   10
 0.02978876230182258   10   10   11    1
 -0.1008855319952496   10   10   11    2
 0.01702271719339737   10   10   11    3
 0.08182112632172853   10   10   11    6
 0.02825569949976085   10   10   11    7
 0.0183881413998386   10   10   11   10
 0.5243441400257461   10   10   11   11
 0.4027529597768599   11    1    1    1
 -0.06660385124698741   11    1    2    1
 0.01228255916516101   11    1    2    2
 0.006071261908099592   11    1    3    1
 0.02120875036231527   11    1    3    2
 0.01278194251471779   11    1    3    3
 0.01075754475107694   11    1    4    4
 0.01075754475107695   11    1    5    5
 0.02567955201385453   11    1    6    1
 0.006321323627736966   11    1    6    2
 0.004041170727627214   11    1    6    3
 -0.001785431559387647   11    1    6    6
 0.01773063392584865   11    1    7    1
 0.005058104396983846   11    1    7    2
 0.006510341501895574   11    1    7    3
 0.0002844152355669715   11    1    7    6
 -0.002435321295949063   11    1    7    7
 0.006214080240605567   11    1    8    4
 -0.0110489675814802   11    1    8    5
 0.01536710405333327   11    1    8    8
 -0.0110489675814802   11    1    9    4
 -0.00621408024060557   11    1    9    5
 0.01536710405333327   11    1    9    9
 0.008641915232886535   11    1   10    1
 -0.01777298622028558   11    1   10    2
 -0.01739333234992756   11    1   10    3
 -0.003783351157543112   11    1   10    6
 -0.006764178488753561   11    1   10    7
 0.02978876230182247   11    1   10   10
 0.06487891376982863   11    1   11    1
 -0.005981051564269149   11    1   11    2
 -0.005072784840894382   11    1   11    3
 -0.001250152351413466   11    1   11    6
 -0.00125375734816661   11    1   11    7
 0.006515985839097467   11    1   11   10
 0.0004813029270547572   11    1   11   11
 -0.4221267350093794   11    2    1    1
 0.0173173969078097   11    2    2    1
 -0.1521592157413936   11    2    2    2
 0.0135299361333492   11    2    3    1
 -0.001115321914680122   11    2    3    2
 -0.1060421145954885   11    2    3    3
 -0.1436260627928257   11    2    4    4
 -0.1436260627928258   11    2    5    5
 0.002305627844096986   11    2    6    1
 0.04417176068970503   11    2    6    2
 -0.05739530143956344   11    2    6    3
 -0.04619982382988668   11    2    6    6
 0.00384455607505365   11    2    7    1
 0.02256478142950402   11    2    7    2
 -0.03962864711458643   11    2    7    3
 -0.03720535935336253   11    2    7    6
 -0.03286018179458142   11    2    7    7
 -0.05432283311919521   11    2    8    4
 0.09658890758218719   11    2    8    5
 -0.1087335576905144   11    2    8    8
 0.09658890758218716   11    2    9    4
 0.05432283311919522   11    2    9    5
 -0.1087335576905144   11    2    9    9
 -0.01962400123597672   11    2   10    1
 0.02692852012774731   11    2   10    2
 0.0700278488431994   11    2   10    3
 0.02740629764588199   11    2   10    6
 0.0298332952050869   11    2   10    7
 -0.1008855319952496   11    2   10   10
 -0.005981051564269218   11    2   11    1
 0.096035484635033   11    2   11    2
 -0.04147585999267532   11    2   11    3
 -0.05114004078605881   11    2   11    6
 -0.0385171084833815   11    2   11    7
 0.01048861382127023   11    2   11   10
 -0.1030837674899318   11    2   11   11
 0.1237164824526394   11    3    1    1
 -0.002894240799103073   11    3    2    1
 0.03691961527189245   11    3    2    2
 -0.01179166557646695   11    3    3    1
 -0.01550211556052749   11    3    3    2
 0.02209892464705171   11    3    3    3
 0.0304671578353668   11    3    4    4
 0.03046715783536683   11    3    5    5
 -0.005926030214355938   11    3    6    1
 -0.02156166444560253   11    3    6    2
 0.01512463490331394   11    3    6    3
 0.02466364763202315   11    3    6    6
 -0.005790074904267203   11    3    7    1
 -0.01329026734250419   11    3    7    2
 0.009182937261386189   11    3    7    3
 0.01708042472256589   11    3    7    6
 0.02041293059151855   11    3    7    7
 0.01506726194466864   11    3    8    4
 -0.02679039895244268   11    3    8    5
 0.02355663087957023   11    3    8    8
 -0.02679039895244267   11    3    9    4
 -0.01506726194466865   11    3    9    5
 0.02355663087957025   11    3    9    9
 0.01424121214574934   11    3   10    1
 0.007221362119013785   11    3   10    2
 -0.01848047312265014   11    3   10    3
 -0.008673690229108135   11    3   10    6
 -0.006992297879845606   11    3   10    7
 0.01702271719339742   11    3   10   10
 -0.005072784840894409   11    3   11    1
 -0.0414758599926754   11    3   11    2
 0.03385071458113313   11    3   11    3
 0.01868449372250909   11    3   11    6
 0.01595590634908687   11    3   11    7
 -0.01098226706752812   11    3   11   10
 0.03414949365954112   11    3   11   11
 -0.01692768632435559   11    4    4    1
 -0.01630302951273509   11    4    4    2
 -0.002188405549940198   11    4    4    3
 0.01171873644843115   11    4    6    4
 0.001842254357153952   11    4    7    4
 -0.009314279247708038   11    4    8    1
 -0.01919836302714746   11    4    8    2
 0.001501028794279297   11    4    8    3
 0.001170204146940527   11    4    8    6
 0.005864073327153789   11    4    8    7
 0.01656128750644373   11    4    9    1
 0.03413571799706417   11    4    9    2
 -0.002668909612477754   11    4    9    3
 -0.002080685665880547   11    4    9    6
 -0.01042663653806165   11    4    9    7
 0.01406470245657224   11    4   10    4
 5.423709218329264e-05   11    4   10    8
 -9.643645560464958e-05   11    4   10    9
 0.04245764055371218   11    4   11    4
 -0.0007179361133825225   11    4   11    8
 0.001276528872366865   11    4   11    9
 -0.01692768632435561   11    5    5    1
 -0.01630302951273515   11    5    5    2
 -0.002188405549940198   11    5    5    3
 0.01171873644843116   11    5    6    5
 0.001842254357153962   11    5    7    5
 0.01656128750644373   11    5    8    1
 0.03413571799706418   11    5    8    2
 -0.00266890961247775   11    5    8    3
 -0.002080685665880557   11    5    8    6
 -0.01042663653806165   11    5    8    7
 0.009314279247708038   11    5    9    1
 0.01919836302714747   11    5    9    2
 -0.001501028794279299   11    5    9    3
 -0.001170204146940525   11    5    9    6
 -0.005864073327153793   11    5    9    7
 0.01406470245657224   11    5   10    5
 -9.643645560466399e-05   11    5   10    8
 -5.42370921832875e-05   11    5   10    9
 0.0424576405537122   11    5   11    5
 0.001276528872366851   11    5   11    8
 0.0007179361133825301   11    5   11    9
 0.2703203593980469   11    6    1    1
 -0.007425310845387557   11    6    2    1
 0.1291848033064001   11    6    2    2
 -0.01194132176758317   11    6    3    1
 -0.009653070581020145   11    6    3    2
 0.08161429820225338   11    6    3    3
 0.1227904894649493   11    6    4    4
 0.1227904894649494   11    6    5    5
 -0.00461311638017345   11    6    6    1
 -0.04076798080261099   11    6    6    2
 0.05934865152366144   11    6    6    3
 0.009748464081678862   11    6    6    6
 -0.004942410170834517   11    6    7    1
 -0.02613820872145367   11    6    7    2
 0.03936345693770914   11    6    7    3
 0.02276134939178507   11    6    7    6
 -0.002371276032628234   11    6    7    7
 0.02860571227645159   11    6    8    4
 -0.05086248895248625   11    6    8    5
 0.1006459621993362   11    6    8    8
 -0.05086248895248624   11    6    9    4
 -0.0286057122764516   11    6    9    5
 0.1006459621993362   11    6    9    9
 0.01543463655282459   11    6   10    1
 -0.008757733797451915   11    6   10    2
 -0.03659773493298111   11    6   10    3
 -0.01867315762133603   11    6   10    6
 -0.02548099227954569   11    6   10    7
 0.08182112632172849   11    6   10   10
 -0.001250152351413449   11    6   11    1
 -0.05114004078605879   11    6   11    2
 0.01868449372250908   11    6   11    3
 0.05657610308264852   11    6   11    6
 0.02970968071451789   11    6   11    7
 -0.008549024585709412   11    6   11   10
 0.1019745361670792   11    6   11   11
 0.1612980396446484   11    7    1    1
 -0.005413773076472174   11    7    2    1
 0.05700864608572953   11    7    2    2
 -0.009269361475540935   11    7    3    1
 -0.01057890130220325   11    7    3    2
 0.02991651223279922   11    7    3    3
 0.04977124167575581   11    7    4    4
 0.04977124167575585   11    7    5    5
 -0.003652265494702998   11    7    6    1
 -0.02744784317375039   11    7    6    2
 0.03353910762497081   11    7    6    3
 0.008019158513399665   11    7    6    6
 -0.003906752244801928   11    7    7    1
 -0.01875175449821665   11    7    7    2
 0.03227661744528678   11    7    7    3
 -0.001953913977290924   11    7    7    6
 -0.02697573356145705   11    7    7    7
 0.02068967361613507   11    7    8    4
 -0.0367873481198893   11    7    8    5
 0.03576626895190936   11    7    8    8
 -0.0367873481198893   11    7    9    4
 -0.02068967361613507   11    7    9    5
 0.03576626895190937   11    7    9    9
 0.01188530789875998   11    7   10    1
 -0.004712871175238601   11    7   10    2
 -0.02270664825184029   11    7   10    3
 -0.01473908390584312   11    7   10    6
 -0.0179244760966885   11    7   10    7
 0.02825569949976092   11    7   10   10
 -0.001253757348166594   11    7   11    1
 -0.0385171084833815   11    7   11    2
 0.01595590634908686   11    7   11    3
 0.02970968071451785   11    7   11    6
 0.03126330788137113   11    7   11    7
 -0.007850488573804545   11    7   11   10
 0.04105699562617444   11    7   11   11
 -0.01234188824382225   11    8    4    1
 -0.05048805049026849   11    8    4    2
 -0.001471874059306503   11    8    4    3
 0.0219445385029265   11    8    5    1
 0.08977045862297234   11    8    5    2
 0.002617070931757784   11    8    5    3
 0.007276675249917488   11    8    6    4
 -0.01293831843559566   11    8    6    5
 0.00978537562500164   11    8    7    4
 -0.01739892210383067   11    8    7    5
 -0.02750283904207391   11    8    8    1
 -0.0176405481305878   11    8    8    2
 -0.007661345707132936   11    8    8    3
 0.02641191460728807   11    8    8    6
 -0.004510518790453309   11    8    8    7
 0.002314908521732689   11    8   10    4
 -0.004116031370754275   11    8   10    5
 0.03228962629965065   11    8   10    8
 -0.0007179361133825025   11    8   11    4
 0.001276528872366811   11    8   11    5
 0.08414511837369638   11    8   11    8
 0.02194453850292649   11    9    4    1
 0.08977045862297232   11    9    4    2
 0.002617070931757779   11    9    4    3
 0.01234188824382225   11    9    5    1
 0.05048805049026853   11    9    5    2
 0.001471874059306504   11    9    5    3
 -0.01293831843559565   11    9    6    4
 -0.007276675249917489   11    9    6    5
 -0.01739892210383067   11    9    7    4
 -0.009785375625001647   11    9    7    5
 -0.02750283904207393   11    9    9    1
 -0.01764054813058782   11    9    9    2
 -0.00766134570713293   11    9    9    3
 0.02641191460728807   11    9    9    6
 -0.004510518790453295   11    9    9    7
 -0.004116031370754266   11    9   10    4
 -0.002314908521732685   11    9   10    5
 0.03228962629965068   11    9   10    9
 0.001276528872366833   11    9   11    4
 0.0007179361133825184   11    9   11    5
 0.08414511837369644   11    9   11    9
 -0.02091010556340421   11   10    1    1
 -0.0006763290238427975   11   10    2    1
 -0.001967117249078598   11   10    2    2
 0.009658988398486021   11   10    3    1
 0.03854399547036782   11   10    3    2
 -0.00622653900828902   11   10    3    3
 0.01221982525668712   11   10    4    4
 0.01221982525668712   11   10    5    5
 0.005810367365964762   11   10    6    1
 0.01388931251222414   11   10    6    2
 0.00509024972805806   11   10    6    3
 -0.02112445117157872   11   10    6    6
 0.005275554860059257   11   10    7    1
 0.005058290130982635   11   10    7    2
 0.01178345325823054   11   10    7    3
 -0.01147200762682664   11   10    7    6
 -0.03279195233370047   11   10    7    7
 -0.001056820688294425   11   10    8    4
 0.001879083801992358   11   10    8    5
 0.00738441813389614   11   10    8    8
 0.001879083801992358   11   10    9    4
 0.001056820688294427   11   10    9    5
 0.007384418133896141   11   10    9    9
 -0.01081970284642845   11   10   10    1
 -0.0107773196487328   11   10   10    2
 0.001158239271299073   11   10   10    3
 0.006140018784857767   11   10   10    6
 -0.002700145291720953   11   10   10    7
 0.01838814139983886   11   10   10   10
 0.006515985839097655   11   10   11    1
 0.01048861382127039   11   10   11    2
 -0.01098226706752804   11   10   11    3
 -0.0085490245857094   11   10   11    6
 -0.007850488573804708   11   10   11    7
 0.01913345743294426   11   10   11   10
 -0.02456427860039354   11   10   11   11
 1.012383875358286   11   11    1    1
 -0.01780238137779935   11   11    2    1
 0.7135377597806527   11   11    2    2
 -0.02377480324112494   11   11    3    1
 -0.05834354505392743   11   11    3    2
 0.6178925550392682   11   11    3    3
 0.6868139964198507   11   11    4    4
 0.6868139964198512   11   11    5    5
 -0.008163338858755033   11   11    6    1
 -0.09190528591637077   11   11    6    2
 0.09098146921877623   11   11    6    3
 0.4553709116276602   11   11    6    6
 -0.009129333083220934   11   11    7    1
 -0.0353671321988606   11   11    7    2
 0.02081076733533023   11   11    7    3
 0.1190001130991017   11   11    7    6
 0.5004082556987284   11   11    7    7
 0.07171410518506502   11   11    8    4
 -0.127511521036849   11   11    8    5
 0.6069215259765859   11   11    8    8
 -0.1275115210368488   11   11    9    4
 -0.07171410518506498   11   11    9    5
 0.6069215259765861   11   11    9    9
 0.03118078164307077   11   11   10    1
 -0.04124353445740014   11   11   10    2
 -0.1151894881345565   11   11   10    3
 -0.05239958500207621   11   11   10    6
 -0.04429518916591648   11   11   10    7
 0.5243441400257466   11   11   10   10
 0.000481302927055005   11   11   11    1
 -0.1030837674899322   11   11   11    2
 0.03414949365954095   11   11   11    3
 0.1019745361670799   11   11   11    6
 0.04105699562617404   11   11   11    7
 -0.0245642786003936   11   11   11   10
 0.6617077038303897   11   11   11   11
 -40.89522207980509    1    1  0  0
 0.7415428676800971    2    1  0  0
 -9.249676333944423    2    2  0  0
 0.1423994499619509    3    1  0  0
 -0.3787961864713751    3    2  0  0
 -7.537561574423166    3    3  0  0
 -8.4397752611172    4    4  0  0
 -8.439775261117205    5    5  0  0
 -0.1483840177696201    6    1  0  0
 0.8940143646671876    6    2  0  0
 -1.62599236236628    6    3  0  0
 -4.36423934222427    6    6  0  0
 -0.07036622306333946    7    1  0  0
 0.3255499160138147    7    2  0  0
 -0.8700806058861946    7    3  0  0
 -1.394441156768261    7    6  0  0
 -3.827792683513106    7    7  0  0
 -1.238738409495658    8    4  0  0
 2.202543256364207    8    5  0  0
 -5.933385724529157    8    8  0  0
 2.202543256364206    9    4  0  0
 1.238738409495657    9    5  0  0
 -5.933385724529158    9    9  0  0
 -0.3332577628572126   10    1  0  0
 0.9708755891592336   10    2  0  0
 1.948601978597048   10    3  0  0
 0.7221447136543678   10    6  0  0
 0.9029595638486059   10    7  0  0
 -5.621346777292068   10   10  0  0
 -0.524241807636098   11    1  0  0
 1.6682893949968   11    2  0  0
 -0.4646604194838872   11    3  0  0
 -1.344987520230929   11    6  0  0
 -0.6423685186484065   11    7  0  0
 0.05454740919426328   11   10  0  0
 -5.192511082467508   11   11  0  0
 4.32963172570909  0  0  0  0
